5 ,3 ,1 ,0 ,2
4 ,3 ,1 ,0,2
4 ,3 ,1 ,0,2
4 ,3 ,1 ,0,2
5 ,3 ,1 ,0,2
5 ,3 ,1 ,0,2
4 ,3 ,1 ,0,2
5 ,3 ,1 ,0,2
4 ,2 ,1 ,0,2
4 ,3 ,1 ,0,2
5 ,3 ,1 ,0,2
4 ,3 ,1 ,0,2
4 ,3 ,1 ,0,2
4 ,3 ,1 ,0,2
5 ,4 ,1 ,0,2
5 ,4 ,1 ,0,2
5 ,3 ,1 ,0,2
5 ,3 ,1 ,0,2
5 ,3 ,1 ,0,2
5 ,3 ,1 ,0,2
5 ,3 ,1 ,0,2
5 ,3 ,1 ,0,2
4 ,3 ,1 ,0,2
5 ,3 ,1 ,0,2
4 ,3 ,1 ,0,2
5 ,3 ,1 ,0,2
5 ,3 ,1 ,0,2
5 ,3 ,1 ,0,2
5 ,3 ,1 ,0,2
4 ,3 ,1 ,0,2
4 ,3 ,1 ,0,2
5 ,3 ,1 ,0,2
5 ,4 ,1 ,0,2
5 ,4 ,1 ,0,2
4 ,3 ,1 ,0,2
5 ,3 ,1 ,0,2
5 ,3 ,1 ,0,2
4 ,3 ,1 ,0,2
4 ,3 ,1 ,0,2
5 ,3 ,1 ,0,2
5 ,3 ,1 ,0,2
4 ,2 ,1 ,0,2
4 ,3 ,1 ,0,2
5 ,3 ,1 ,0,2
5 ,3 ,1 ,0,2
4 ,3 ,1 ,0,2
5 ,3 ,1 ,0,2
4 ,3 ,1 ,0,2
5 ,3 ,1 ,0,2
5 ,3 ,1 ,0,2
7 ,3 ,4 ,1,1
6 ,3 ,4 ,1,1
6 ,3 ,4 ,1,1
5 ,2 ,4 ,1,1
6 ,2 ,4 ,1,1
5 ,2 ,4 ,1,1
6 ,3 ,4 ,1,1
4 ,2 ,3 ,1,1
6 ,2 ,4 ,1,1
5 ,2 ,3 ,1,1
5 ,2 ,3 ,1,1
5 ,3 ,4 ,1,1
6 ,2 ,4 ,1,1
6 ,2 ,4 ,1,1
5 ,2 ,3 ,1,1
6 ,3 ,4 ,1,1
5 ,3 ,4 ,1,1
5 ,2 ,4 ,1,1
6 ,2 ,4 ,1,1
5 ,2 ,3 ,1,1
5 ,3 ,4 ,1,1
6 ,2 ,4 ,1,1
6 ,2 ,4 ,1,1
6 ,2 ,4 ,1,1
6 ,2 ,4 ,1,1
6 ,3 ,4 ,1,1
6 ,2 ,4 ,1,1
6 ,3 ,5 ,1,1
6 ,2 ,4 ,1,1
5 ,2 ,3 ,1,1
5 ,2 ,3 ,1,1
5 ,2 ,3 ,1,1
5 ,2 ,3 ,1,1
6 ,2 ,5 ,1,1
5 ,3 ,4 ,1,1
6 ,3 ,4 ,1,1
6 ,3 ,4 ,1,1
6 ,2 ,4 ,1,1
5 ,3 ,4 ,1,1
5 ,2 ,4 ,1,1
5 ,2 ,4 ,1,1
6 ,3 ,4 ,1,1
5 ,2 ,4 ,1,1
5 ,2 ,3 ,1,1
5 ,2 ,4 ,1,1
5 ,3 ,4 ,1,1
5 ,2 ,4 ,1,1
6 ,2 ,4 ,1,1
5 ,2 ,3 ,1,1
5 ,2 ,4 ,1,1
6 ,3 ,6 ,2,3
5 ,2 ,5 ,1,3
7 ,3 ,5 ,2,3
6 ,2 ,5 ,1,3
6 ,3 ,5 ,2,3
7 ,3 ,6 ,2,3
4 ,2 ,4 ,1,3
7 ,2 ,6 ,1,3
6 ,2 ,5 ,1,3
7 ,3 ,6 ,2,3
6 ,3 ,5 ,2,3
6 ,2 ,5 ,1,3
6 ,3 ,5 ,2,3
5 ,2 ,5 ,2,3
5 ,2 ,5 ,2,3
6 ,3 ,5 ,2,3
6 ,3 ,5 ,1,3
7 ,3 ,6 ,2,3
7 ,2 ,6 ,2,3
6 ,2 ,5 ,1,3
6 ,3 ,5 ,2,3
5 ,2 ,4 ,2,3
7 ,2 ,6 ,2,3
6 ,2 ,4 ,1,3
6 ,3 ,5 ,2,3
7 ,3 ,6 ,1,3
6 ,2 ,4 ,1,3
6 ,3 ,4 ,1,3
6 ,2 ,5 ,2,3
7 ,3 ,5 ,1,3
7 ,2 ,6 ,1,3
7 ,3 ,6 ,2,3
6 ,2 ,5 ,2,3
6 ,2 ,5 ,1,3
6 ,2 ,5 ,1,3
7 ,3 ,6 ,2,3
6 ,3 ,5 ,2,3
6 ,3 ,5 ,1,3
6 ,3 ,4 ,1,3
6 ,3 ,5 ,2,3
6 ,3 ,5 ,2,3
6 ,3 ,5 ,2,3
5 ,2 ,5 ,1,3
6 ,3 ,5 ,2,3
6 ,3 ,5 ,2,3
6 ,3 ,5 ,2,3
6 ,2 ,5 ,1,3
6 ,3 ,5 ,2,3
6 ,3 ,5 ,2,3
5 ,3 ,5 ,1,3
